0	0.0000000000000000	0.0000000000000000	1.0000000000000000	1.0000000000000000
1	0.0174524064372835	0.0174524064372835	0.9998476951563913	0.9998476951563913
2	0.0348994967025010	0.0348994967025010	0.9993908270190958	0.9993908270190958
3	0.0523359562429438	0.0523359562429438	0.9986295347545738	0.9986295347545738
4	0.0697564737441253	0.0697564737441253	0.9975640502598242	0.9975640502598242
5	0.0871557427476582	0.0871557427476582	0.9961946980917455	0.9961946980917455
6	0.1045284632676535	0.1045284632676535	0.9945218953682733	0.9945218953682733
7	0.1218693434051475	0.1218693434051475	0.9925461516413220	0.9925461516413220
8	0.1391731009600654	0.1391731009600654	0.9902680687415704	0.9902680687415704
9	0.1564344650402309	0.1564344650402309	0.9876883405951378	0.9876883405951378
10	0.1736481776669303	0.1736481776669303	0.9848077530122080	0.9848077530122080
11	0.1908089953765448	0.1908089953765448	0.9816271834476640	0.9816271834476640
12	0.2079116908177593	0.2079116908177593	0.9781476007338057	0.9781476007338057
13	0.2249510543438650	0.2249510543438650	0.9743700647852352	0.9743700647852352
14	0.2419218955996677	0.2419218955996677	0.9702957262759965	0.9702957262759965
15	0.2588190451025207	0.2588190451025207	0.9659258262890683	0.9659258262890683
16	0.2756373558169992	0.2756373558169992	0.9612616959383189	0.9612616959383189
17	0.2923717047227368	0.2923717047227368	0.9563047559630354	0.9563047559630354
18	0.3090169943749474	0.3090169943749474	0.9510565162951535	0.9510565162951535
19	0.3255681544571567	0.3255681544571567	0.9455185755993168	0.9455185755993168
20	0.3420201433256687	0.3420201433256687	0.9396926207859084	0.9396926207859084
21	0.3583679495453003	0.3583679495453003	0.9335804264972017	0.9335804264972017
22	0.3746065934159120	0.3746065934159120	0.9271838545667874	0.9271838545667874
23	0.3907311284892738	0.3907311284892738	0.9205048534524404	0.9205048534524404
24	0.4067366430758002	0.4067366430758002	0.9135454576426010	0.9135454576426009
25	0.4226182617406994	0.4226182617406994	0.9063077870366500	0.9063077870366499
26	0.4383711467890775	0.4383711467890774	0.8987940462991671	0.8987940462991670
27	0.4539904997395468	0.4539904997395467	0.8910065241883682	0.8910065241883679
28	0.4694715627858908	0.4694715627858908	0.8829475928589274	0.8829475928589270
29	0.4848096202463371	0.4848096202463371	0.8746197071393966	0.8746197071393957
30	0.5000000000000000	0.4999999999999999	0.8660254037844400	0.8660254037844387
31	0.5150380749100543	0.5150380749100542	0.8571673007021144	0.8571673007021123
32	0.5299192642332051	0.5299192642332049	0.8480480961564293	0.8480480961564260
33	0.5446390350150273	0.5446390350150271	0.8386705679454292	0.8386705679454241
34	0.5591929034707471	0.5591929034707469	0.8290375725550494	0.8290375725550416
35	0.5735764363510465	0.5735764363510460	0.8191520442890033	0.8191520442889918
36	0.5877852522924738	0.5877852522924731	0.8090169943749645	0.8090169943749475
37	0.6018150231520494	0.6018150231520483	0.7986355100473179	0.7986355100472928
38	0.6156614753256600	0.6156614753256583	0.7880107536067584	0.7880107536067219
39	0.6293203910498398	0.6293203910498374	0.7771459614570234	0.7771459614569709
40	0.6427876096865428	0.6427876096865393	0.7660444431190528	0.7660444431189780
41	0.6560590289905123	0.6560590289905073	0.7547095802228777	0.7547095802227720
42	0.6691306063588655	0.6691306063588582	0.7431448254775423	0.7431448254773942
43	0.6819983600625088	0.6819983600624985	0.7313537016193763	0.7313537016191705
44	0.6946583704590118	0.6946583704589973	0.7193398003389351	0.7193398003386512
45	0.7071067811865679	0.7071067811865475	0.7071067811869363	0.7071067811865476
46	0.7193398003389351	0.7193398003386512	0.6946583704590118	0.6946583704589973
47	0.7313537016193763	0.7313537016191705	0.6819983600625088	0.6819983600624985
48	0.7431448254775423	0.7431448254773942	0.6691306063588655	0.6691306063588582
49	0.7547095802228777	0.7547095802227720	0.6560590289905123	0.6560590289905073
50	0.7660444431190528	0.7660444431189780	0.6427876096865428	0.6427876096865394
51	0.7771459614570234	0.7771459614569709	0.6293203910498398	0.6293203910498375
52	0.7880107536067584	0.7880107536067220	0.6156614753256600	0.6156614753256583
53	0.7986355100473179	0.7986355100472928	0.6018150231520494	0.6018150231520483
54	0.8090169943749645	0.8090169943749475	0.5877852522924738	0.5877852522924731
55	0.8191520442890033	0.8191520442889918	0.5735764363510465	0.5735764363510460
56	0.8290375725550494	0.8290375725550417	0.5591929034707471	0.5591929034707468
57	0.8386705679454292	0.8386705679454241	0.5446390350150273	0.5446390350150271
58	0.8480480961564293	0.8480480961564261	0.5299192642332051	0.5299192642332049
59	0.8571673007021144	0.8571673007021123	0.5150380749100543	0.5150380749100542
60	0.8660254037844400	0.8660254037844386	0.5000000000000000	0.5000000000000001
61	0.8746197071393966	0.8746197071393957	0.4848096202463371	0.4848096202463371
62	0.8829475928589274	0.8829475928589269	0.4694715627858908	0.4694715627858909
63	0.8910065241883682	0.8910065241883678	0.4539904997395468	0.4539904997395469
64	0.8987940462991671	0.8987940462991670	0.4383711467890775	0.4383711467890775
65	0.9063077870366500	0.9063077870366499	0.4226182617406994	0.4226182617406994
66	0.9135454576426010	0.9135454576426009	0.4067366430758002	0.4067366430758002
67	0.9205048534524404	0.9205048534524404	0.3907311284892738	0.3907311284892737
68	0.9271838545667874	0.9271838545667874	0.3746065934159120	0.3746065934159120
69	0.9335804264972017	0.9335804264972017	0.3583679495453003	0.3583679495453004
70	0.9396926207859084	0.9396926207859083	0.3420201433256687	0.3420201433256688
71	0.9455185755993168	0.9455185755993167	0.3255681544571567	0.3255681544571568
72	0.9510565162951535	0.9510565162951535	0.3090169943749474	0.3090169943749475
73	0.9563047559630354	0.9563047559630354	0.2923717047227368	0.2923717047227368
74	0.9612616959383189	0.9612616959383189	0.2756373558169992	0.2756373558169992
75	0.9659258262890683	0.9659258262890683	0.2588190451025207	0.2588190451025207
76	0.9702957262759965	0.9702957262759965	0.2419218955996677	0.2419218955996677
77	0.9743700647852352	0.9743700647852352	0.2249510543438650	0.2249510543438649
78	0.9781476007338057	0.9781476007338056	0.2079116908177593	0.2079116908177595
79	0.9816271834476640	0.9816271834476640	0.1908089953765448	0.1908089953765449
80	0.9848077530122080	0.9848077530122080	0.1736481776669303	0.1736481776669304
81	0.9876883405951378	0.9876883405951378	0.1564344650402309	0.1564344650402309
82	0.9902680687415704	0.9902680687415704	0.1391731009600654	0.1391731009600655
83	0.9925461516413220	0.9925461516413220	0.1218693434051475	0.1218693434051475
84	0.9945218953682733	0.9945218953682733	0.1045284632676535	0.1045284632676535
85	0.9961946980917455	0.9961946980917455	0.0871557427476582	0.0871557427476581
86	0.9975640502598242	0.9975640502598242	0.0697564737441253	0.0697564737441252
87	0.9986295347545738	0.9986295347545738	0.0523359562429438	0.0523359562429440
88	0.9993908270190958	0.9993908270190958	0.0348994967025010	0.0348994967025011
89	0.9998476951563913	0.9998476951563913	0.0174524064372835	0.0174524064372836
90	1.0000000000000000	1.0000000000000000	0.0000000000000000	0.0000000000000001
91	0.9998476951563913	0.9998476951563913	-0.0174524064372835	-0.0174524064372835
92	0.9993908270190958	0.9993908270190958	-0.0348994967025010	-0.0348994967025010
93	0.9986295347545738	0.9986295347545738	-0.0523359562429438	-0.0523359562429438
94	0.9975640502598242	0.9975640502598242	-0.0697564737441253	-0.0697564737441253
95	0.9961946980917455	0.9961946980917455	-0.0871557427476582	-0.0871557427476582
96	0.9945218953682733	0.9945218953682733	-0.1045284632676535	-0.1045284632676536
97	0.9925461516413220	0.9925461516413221	-0.1218693434051475	-0.1218693434051474
98	0.9902680687415704	0.9902680687415704	-0.1391731009600654	-0.1391731009600654
99	0.9876883405951378	0.9876883405951378	-0.1564344650402309	-0.1564344650402308
100	0.9848077530122080	0.9848077530122080	-0.1736481776669303	-0.1736481776669303
101	0.9816271834476640	0.9816271834476640	-0.1908089953765448	-0.1908089953765448
102	0.9781476007338057	0.9781476007338057	-0.2079116908177593	-0.2079116908177593
103	0.9743700647852352	0.9743700647852352	-0.2249510543438650	-0.2249510543438650
104	0.9702957262759965	0.9702957262759965	-0.2419218955996677	-0.2419218955996678
105	0.9659258262890683	0.9659258262890683	-0.2588190451025207	-0.2588190451025209
106	0.9612616959383189	0.9612616959383189	-0.2756373558169992	-0.2756373558169991
107	0.9563047559630354	0.9563047559630355	-0.2923717047227368	-0.2923717047227367
108	0.9510565162951535	0.9510565162951536	-0.3090169943749474	-0.3090169943749473
109	0.9455185755993168	0.9455185755993168	-0.3255681544571567	-0.3255681544571566
110	0.9396926207859084	0.9396926207859084	-0.3420201433256687	-0.3420201433256687
111	0.9335804264972017	0.9335804264972017	-0.3583679495453003	-0.3583679495453003
112	0.9271838545667874	0.9271838545667874	-0.3746065934159120	-0.3746065934159121
113	0.9205048534524404	0.9205048534524403	-0.3907311284892738	-0.3907311284892738
114	0.9135454576426010	0.9135454576426009	-0.4067366430758002	-0.4067366430758003
115	0.9063077870366500	0.9063077870366500	-0.4226182617406994	-0.4226182617406993
116	0.8987940462991671	0.8987940462991669	-0.4383711467890775	-0.4383711467890775
117	0.8910065241883682	0.8910065241883679	-0.4539904997395468	-0.4539904997395467
118	0.8829475928589274	0.8829475928589269	-0.4694715627858908	-0.4694715627858909
119	0.8746197071393966	0.8746197071393959	-0.4848096202463371	-0.4848096202463370
120	0.8660254037844400	0.8660254037844387	-0.5000000000000000	-0.4999999999999998
121	0.8571673007021144	0.8571673007021123	-0.5150380749100543	-0.5150380749100543
122	0.8480480961564293	0.8480480961564261	-0.5299192642332051	-0.5299192642332048
123	0.8386705679454292	0.8386705679454241	-0.5446390350150273	-0.5446390350150271
124	0.8290375725550494	0.8290375725550417	-0.5591929034707471	-0.5591929034707467
125	0.8191520442890033	0.8191520442889917	-0.5735764363510465	-0.5735764363510462
126	0.8090169943749645	0.8090169943749475	-0.5877852522924738	-0.5877852522924730
127	0.7986355100473179	0.7986355100472927	-0.6018150231520494	-0.6018150231520484
128	0.7880107536067584	0.7880107536067220	-0.6156614753256600	-0.6156614753256583
129	0.7771459614570234	0.7771459614569710	-0.6293203910498398	-0.6293203910498373
130	0.7660444431190528	0.7660444431189780	-0.6427876096865428	-0.6427876096865394
131	0.7547095802228777	0.7547095802227721	-0.6560590289905123	-0.6560590289905072
132	0.7431448254775423	0.7431448254773942	-0.6691306063588655	-0.6691306063588582
133	0.7313537016193763	0.7313537016191706	-0.6819983600625088	-0.6819983600624984
134	0.7193398003389351	0.7193398003386511	-0.6946583704590118	-0.6946583704589974
135	0.7071067811869363	0.7071067811865476	-0.7071067811865679	-0.7071067811865475
136	0.6946583704590118	0.6946583704589971	-0.7193398003389351	-0.7193398003386513
137	0.6819983600625088	0.6819983600624986	-0.7313537016193763	-0.7313537016191705
138	0.6691306063588655	0.6691306063588583	-0.7431448254775423	-0.7431448254773941
139	0.6560590289905123	0.6560590289905073	-0.7547095802228777	-0.7547095802227720
140	0.6427876096865428	0.6427876096865395	-0.7660444431190528	-0.7660444431189779
141	0.6293203910498398	0.6293203910498374	-0.7771459614570234	-0.7771459614569709
142	0.6156614753256600	0.6156614753256584	-0.7880107536067584	-0.7880107536067219
143	0.6018150231520494	0.6018150231520482	-0.7986355100473179	-0.7986355100472929
144	0.5877852522924738	0.5877852522924732	-0.8090169943749645	-0.8090169943749473
145	0.5735764363510465	0.5735764363510459	-0.8191520442890033	-0.8191520442889919
146	0.5591929034707471	0.5591929034707469	-0.8290375725550494	-0.8290375725550416
147	0.5446390350150273	0.5446390350150273	-0.8386705679454292	-0.8386705679454239
148	0.5299192642332051	0.5299192642332049	-0.8480480961564293	-0.8480480961564260
149	0.5150380749100543	0.5150380749100544	-0.8571673007021144	-0.8571673007021122
150	0.5000000000000000	0.4999999999999999	-0.8660254037844400	-0.8660254037844387
151	0.4848096202463371	0.4848096202463372	-0.8746197071393966	-0.8746197071393957
152	0.4694715627858908	0.4694715627858907	-0.8829475928589274	-0.8829475928589270
153	0.4539904997395468	0.4539904997395469	-0.8910065241883682	-0.8910065241883678
154	0.4383711467890775	0.4383711467890773	-0.8987940462991671	-0.8987940462991670
155	0.4226182617406994	0.4226182617406995	-0.9063077870366500	-0.9063077870366499
156	0.4067366430758002	0.4067366430758004	-0.9135454576426010	-0.9135454576426008
157	0.3907311284892738	0.3907311284892738	-0.9205048534524404	-0.9205048534524404
158	0.3746065934159120	0.3746065934159122	-0.9271838545667874	-0.9271838545667873
159	0.3583679495453003	0.3583679495453002	-0.9335804264972017	-0.9335804264972017
160	0.3420201433256687	0.3420201433256689	-0.9396926207859084	-0.9396926207859083
161	0.3255681544571567	0.3255681544571566	-0.9455185755993168	-0.9455185755993168
162	0.3090169943749474	0.3090169943749475	-0.9510565162951535	-0.9510565162951535
163	0.2923717047227368	0.2923717047227366	-0.9563047559630354	-0.9563047559630355
164	0.2756373558169992	0.2756373558169992	-0.9612616959383189	-0.9612616959383189
165	0.2588190451025207	0.2588190451025210	-0.9659258262890683	-0.9659258262890682
166	0.2419218955996677	0.2419218955996677	-0.9702957262759965	-0.9702957262759965
167	0.2249510543438650	0.2249510543438652	-0.9743700647852352	-0.9743700647852351
168	0.2079116908177593	0.2079116908177593	-0.9781476007338057	-0.9781476007338057
169	0.1908089953765448	0.1908089953765450	-0.9816271834476640	-0.9816271834476640
170	0.1736481776669303	0.1736481776669303	-0.9848077530122080	-0.9848077530122080
171	0.1564344650402309	0.1564344650402310	-0.9876883405951378	-0.9876883405951377
172	0.1391731009600654	0.1391731009600653	-0.9902680687415704	-0.9902680687415704
173	0.1218693434051475	0.1218693434051475	-0.9925461516413220	-0.9925461516413220
174	0.1045284632676535	0.1045284632676537	-0.9945218953682733	-0.9945218953682733
175	0.0871557427476582	0.0871557427476582	-0.9961946980917455	-0.9961946980917455
176	0.0697564737441253	0.0697564737441255	-0.9975640502598242	-0.9975640502598242
177	0.0523359562429438	0.0523359562429438	-0.9986295347545738	-0.9986295347545738
178	0.0348994967025010	0.0348994967025011	-0.9993908270190958	-0.9993908270190958
179	0.0174524064372835	0.0174524064372834	-0.9998476951563913	-0.9998476951563913
180	0.0000000000000000	0.0000000000000001	-1.0000000000000000	-1.0000000000000000
181	-0.0174524064372835	-0.0174524064372836	-0.9998476951563913	-0.9998476951563913
182	-0.0348994967025010	-0.0348994967025009	-0.9993908270190958	-0.9993908270190958
183	-0.0523359562429438	-0.0523359562429436	-0.9986295347545738	-0.9986295347545738
184	-0.0697564737441253	-0.0697564737441253	-0.9975640502598242	-0.9975640502598242
185	-0.0871557427476582	-0.0871557427476579	-0.9961946980917455	-0.9961946980917455
186	-0.1045284632676535	-0.1045284632676535	-0.9945218953682733	-0.9945218953682733
187	-0.1218693434051475	-0.1218693434051473	-0.9925461516413220	-0.9925461516413221
188	-0.1391731009600654	-0.1391731009600655	-0.9902680687415704	-0.9902680687415703
189	-0.1564344650402309	-0.1564344650402307	-0.9876883405951378	-0.9876883405951378
190	-0.1736481776669303	-0.1736481776669305	-0.9848077530122080	-0.9848077530122080
191	-0.1908089953765448	-0.1908089953765447	-0.9816271834476640	-0.9816271834476640
192	-0.2079116908177593	-0.2079116908177595	-0.9781476007338057	-0.9781476007338056
193	-0.2249510543438650	-0.2249510543438650	-0.9743700647852352	-0.9743700647852352
194	-0.2419218955996677	-0.2419218955996675	-0.9702957262759965	-0.9702957262759966
195	-0.2588190451025207	-0.2588190451025208	-0.9659258262890683	-0.9659258262890683
196	-0.2756373558169992	-0.2756373558169990	-0.9612616959383189	-0.9612616959383189
197	-0.2923717047227368	-0.2923717047227368	-0.9563047559630354	-0.9563047559630354
198	-0.3090169943749474	-0.3090169943749473	-0.9510565162951535	-0.9510565162951536
199	-0.3255681544571567	-0.3255681544571568	-0.9455185755993168	-0.9455185755993167
200	-0.3420201433256687	-0.3420201433256687	-0.9396926207859084	-0.9396926207859084
201	-0.3583679495453003	-0.3583679495453004	-0.9335804264972017	-0.9335804264972017
202	-0.3746065934159120	-0.3746065934159120	-0.9271838545667874	-0.9271838545667874
203	-0.3907311284892738	-0.3907311284892735	-0.9205048534524404	-0.9205048534524404
204	-0.4067366430758002	-0.4067366430758002	-0.9135454576426010	-0.9135454576426009
205	-0.4226182617406994	-0.4226182617406993	-0.9063077870366500	-0.9063077870366500
206	-0.4383711467890775	-0.4383711467890775	-0.8987940462991671	-0.8987940462991669
207	-0.4539904997395468	-0.4539904997395467	-0.8910065241883682	-0.8910065241883679
208	-0.4694715627858908	-0.4694715627858909	-0.8829475928589274	-0.8829475928589269
209	-0.4848096202463371	-0.4848096202463369	-0.8746197071393966	-0.8746197071393959
210	-0.5000000000000000	-0.5000000000000001	-0.8660254037844400	-0.8660254037844386
211	-0.5150380749100543	-0.5150380749100542	-0.8571673007021144	-0.8571673007021123
212	-0.5299192642332051	-0.5299192642332048	-0.8480480961564293	-0.8480480961564261
213	-0.5446390350150273	-0.5446390350150271	-0.8386705679454292	-0.8386705679454241
214	-0.5591929034707471	-0.5591929034707467	-0.8290375725550494	-0.8290375725550418
215	-0.5735764363510465	-0.5735764363510462	-0.8191520442890033	-0.8191520442889918
216	-0.5877852522924738	-0.5877852522924730	-0.8090169943749645	-0.8090169943749475
217	-0.6018150231520494	-0.6018150231520484	-0.7986355100473179	-0.7986355100472928
218	-0.6156614753256600	-0.6156614753256582	-0.7880107536067584	-0.7880107536067220
219	-0.6293203910498398	-0.6293203910498376	-0.7771459614570234	-0.7771459614569708
220	-0.6427876096865428	-0.6427876096865393	-0.7660444431190528	-0.7660444431189781
221	-0.6560590289905123	-0.6560590289905071	-0.7547095802228777	-0.7547095802227721
222	-0.6691306063588655	-0.6691306063588582	-0.7431448254775423	-0.7431448254773942
223	-0.6819983600625088	-0.6819983600624984	-0.7313537016193763	-0.7313537016191706
224	-0.6946583704590118	-0.6946583704589974	-0.7193398003389351	-0.7193398003386511
225	-0.7071067811865679	-0.7071067811865475	-0.7071067811869363	-0.7071067811865477
226	-0.7193398003389351	-0.7193398003386512	-0.6946583704590118	-0.6946583704589973
227	-0.7313537016193763	-0.7313537016191705	-0.6819983600625088	-0.6819983600624986
228	-0.7431448254775423	-0.7431448254773944	-0.6691306063588655	-0.6691306063588581
229	-0.7547095802228777	-0.7547095802227720	-0.6560590289905123	-0.6560590289905073
230	-0.7660444431190528	-0.7660444431189779	-0.6427876096865428	-0.6427876096865395
231	-0.7771459614570234	-0.7771459614569706	-0.6293203910498398	-0.6293203910498378
232	-0.7880107536067584	-0.7880107536067221	-0.6156614753256600	-0.6156614753256581
233	-0.7986355100473179	-0.7986355100472928	-0.6018150231520494	-0.6018150231520483
234	-0.8090169943749645	-0.8090169943749473	-0.5877852522924738	-0.5877852522924732
235	-0.8191520442890033	-0.8191520442889916	-0.5735764363510465	-0.5735764363510464
236	-0.8290375725550494	-0.8290375725550418	-0.5591929034707471	-0.5591929034707466
237	-0.8386705679454292	-0.8386705679454241	-0.5446390350150273	-0.5446390350150270
238	-0.8480480961564293	-0.8480480961564260	-0.5299192642332051	-0.5299192642332050
239	-0.8571673007021144	-0.8571673007021121	-0.5150380749100543	-0.5150380749100545
240	-0.8660254037844400	-0.8660254037844385	-0.5000000000000000	-0.5000000000000004
241	-0.8746197071393966	-0.8746197071393959	-0.4848096202463371	-0.4848096202463368
242	-0.8829475928589274	-0.8829475928589270	-0.4694715627858908	-0.4694715627858908
243	-0.8910065241883682	-0.8910065241883678	-0.4539904997395468	-0.4539904997395469
244	-0.8987940462991671	-0.8987940462991668	-0.4383711467890775	-0.4383711467890777
245	-0.9063077870366500	-0.9063077870366500	-0.4226182617406994	-0.4226182617406992
246	-0.9135454576426010	-0.9135454576426010	-0.4067366430758002	-0.4067366430758001
247	-0.9205048534524404	-0.9205048534524403	-0.3907311284892738	-0.3907311284892738
248	-0.9271838545667874	-0.9271838545667873	-0.3746065934159120	-0.3746065934159123
249	-0.9335804264972017	-0.9335804264972016	-0.3583679495453003	-0.3583679495453007
250	-0.9396926207859084	-0.9396926207859084	-0.3420201433256687	-0.3420201433256685
251	-0.9455185755993168	-0.9455185755993168	-0.3255681544571567	-0.3255681544571566
252	-0.9510565162951535	-0.9510565162951535	-0.3090169943749474	-0.3090169943749476
253	-0.9563047559630354	-0.9563047559630353	-0.2923717047227368	-0.2923717047227371
254	-0.9612616959383189	-0.9612616959383189	-0.2756373558169992	-0.2756373558169989
255	-0.9659258262890683	-0.9659258262890683	-0.2588190451025207	-0.2588190451025206
256	-0.9702957262759965	-0.9702957262759965	-0.2419218955996677	-0.2419218955996678
257	-0.9743700647852352	-0.9743700647852351	-0.2249510543438650	-0.2249510543438653
258	-0.9781476007338057	-0.9781476007338056	-0.2079116908177593	-0.2079116908177598
259	-0.9816271834476640	-0.9816271834476640	-0.1908089953765448	-0.1908089953765446
260	-0.9848077530122080	-0.9848077530122080	-0.1736481776669303	-0.1736481776669303
261	-0.9876883405951378	-0.9876883405951377	-0.1564344650402309	-0.1564344650402310
262	-0.9902680687415704	-0.9902680687415703	-0.1391731009600654	-0.1391731009600658
263	-0.9925461516413220	-0.9925461516413221	-0.1218693434051475	-0.1218693434051472
264	-0.9945218953682733	-0.9945218953682734	-0.1045284632676535	-0.1045284632676534
265	-0.9961946980917455	-0.9961946980917455	-0.0871557427476582	-0.0871557427476582
266	-0.9975640502598242	-0.9975640502598242	-0.0697564737441253	-0.0697564737441256
267	-0.9986295347545738	-0.9986295347545738	-0.0523359562429438	-0.0523359562429443
268	-0.9993908270190958	-0.9993908270190958	-0.0348994967025010	-0.0348994967025008
269	-0.9998476951563913	-0.9998476951563913	-0.0174524064372835	-0.0174524064372835
270	-1.0000000000000000	-1.0000000000000000	0.0000000000000000	-0.0000000000000002
271	-0.9998476951563913	-0.9998476951563913	0.0174524064372835	0.0174524064372831
272	-0.9993908270190958	-0.9993908270190958	0.0348994967025010	0.0348994967025013
273	-0.9986295347545738	-0.9986295347545738	0.0523359562429438	0.0523359562429439
274	-0.9975640502598242	-0.9975640502598243	0.0697564737441253	0.0697564737441252
275	-0.9961946980917455	-0.9961946980917455	0.0871557427476582	0.0871557427476579
276	-0.9945218953682733	-0.9945218953682734	0.1045284632676535	0.1045284632676530
277	-0.9925461516413220	-0.9925461516413220	0.1218693434051475	0.1218693434051477
278	-0.9902680687415704	-0.9902680687415704	0.1391731009600654	0.1391731009600655
279	-0.9876883405951378	-0.9876883405951378	0.1564344650402309	0.1564344650402307
280	-0.9848077530122080	-0.9848077530122081	0.1736481776669303	0.1736481776669300
281	-0.9816271834476640	-0.9816271834476639	0.1908089953765448	0.1908089953765451
282	-0.9781476007338057	-0.9781476007338056	0.2079116908177593	0.2079116908177594
283	-0.9743700647852352	-0.9743700647852352	0.2249510543438650	0.2249510543438649
284	-0.9702957262759965	-0.9702957262759966	0.2419218955996677	0.2419218955996675
285	-0.9659258262890683	-0.9659258262890684	0.2588190451025207	0.2588190451025203
286	-0.9612616959383189	-0.9612616959383188	0.2756373558169992	0.2756373558169994
287	-0.9563047559630354	-0.9563047559630354	0.2923717047227368	0.2923717047227367
288	-0.9510565162951535	-0.9510565162951536	0.3090169943749474	0.3090169943749472
289	-0.9455185755993168	-0.9455185755993170	0.3255681544571567	0.3255681544571563
290	-0.9396926207859084	-0.9396926207859083	0.3420201433256687	0.3420201433256690
291	-0.9335804264972017	-0.9335804264972017	0.3583679495453003	0.3583679495453004
292	-0.9271838545667874	-0.9271838545667874	0.3746065934159120	0.3746065934159120
293	-0.9205048534524404	-0.9205048534524405	0.3907311284892738	0.3907311284892735
294	-0.9135454576426010	-0.9135454576426011	0.4067366430758002	0.4067366430757998
295	-0.9063077870366500	-0.9063077870366498	0.4226182617406994	0.4226182617406996
296	-0.8987940462991671	-0.8987940462991670	0.4383711467890775	0.4383711467890774
297	-0.8910065241883682	-0.8910065241883680	0.4539904997395468	0.4539904997395466
298	-0.8829475928589274	-0.8829475928589271	0.4694715627858908	0.4694715627858904
299	-0.8746197071393966	-0.8746197071393956	0.4848096202463371	0.4848096202463373
300	-0.8660254037844400	-0.8660254037844386	0.5000000000000000	0.5000000000000001
301	-0.8571673007021144	-0.8571673007021123	0.5150380749100543	0.5150380749100542
302	-0.8480480961564293	-0.8480480961564261	0.5299192642332051	0.5299192642332047
303	-0.8386705679454292	-0.8386705679454243	0.5446390350150273	0.5446390350150266
304	-0.8290375725550494	-0.8290375725550416	0.5591929034707471	0.5591929034707470
305	-0.8191520442890033	-0.8191520442889918	0.5735764363510465	0.5735764363510460
306	-0.8090169943749645	-0.8090169943749476	0.5877852522924738	0.5877852522924729
307	-0.7986355100473179	-0.7986355100472931	0.6018150231520494	0.6018150231520479
308	-0.7880107536067584	-0.7880107536067218	0.6156614753256600	0.6156614753256585
309	-0.7771459614570234	-0.7771459614569708	0.6293203910498398	0.6293203910498375
310	-0.7660444431190528	-0.7660444431189781	0.6427876096865428	0.6427876096865393
311	-0.7547095802228777	-0.7547095802227721	0.6560590289905123	0.6560590289905071
312	-0.7431448254775423	-0.7431448254773946	0.6691306063588655	0.6691306063588578
313	-0.7313537016193763	-0.7313537016191703	0.6819983600625088	0.6819983600624986
314	-0.7193398003389351	-0.7193398003386511	0.6946583704590118	0.6946583704589973
315	-0.7071067811869363	-0.7071067811865477	0.7071067811865679	0.7071067811865474
316	-0.6946583704590118	-0.6946583704589976	0.7193398003389351	0.7193398003386509
317	-0.6819983600625088	-0.6819983600624983	0.7313537016193763	0.7313537016191707
318	-0.6691306063588655	-0.6691306063588581	0.7431448254775423	0.7431448254773942
319	-0.6560590289905123	-0.6560590289905074	0.7547095802228777	0.7547095802227719
320	-0.6427876096865428	-0.6427876096865396	0.7660444431190528	0.7660444431189778
321	-0.6293203910498398	-0.6293203910498378	0.7771459614570234	0.7771459614569706
322	-0.6156614753256600	-0.6156614753256582	0.7880107536067584	0.7880107536067220
323	-0.6018150231520494	-0.6018150231520483	0.7986355100473179	0.7986355100472928
324	-0.5877852522924738	-0.5877852522924734	0.8090169943749645	0.8090169943749473
325	-0.5735764363510465	-0.5735764363510465	0.8191520442890033	0.8191520442889916
326	-0.5591929034707471	-0.5591929034707466	0.8290375725550494	0.8290375725550418
327	-0.5446390350150273	-0.5446390350150270	0.8386705679454292	0.8386705679454241
328	-0.5299192642332051	-0.5299192642332050	0.8480480961564293	0.8480480961564258
329	-0.5150380749100543	-0.5150380749100545	0.8571673007021144	0.8571673007021121
330	-0.5000000000000000	-0.5000000000000004	0.8660254037844400	0.8660254037844384
331	-0.4848096202463371	-0.4848096202463369	0.8746197071393966	0.8746197071393959
332	-0.4694715627858908	-0.4694715627858908	0.8829475928589274	0.8829475928589270
333	-0.4539904997395468	-0.4539904997395470	0.8910065241883682	0.8910065241883678
334	-0.4383711467890775	-0.4383711467890778	0.8987940462991671	0.8987940462991668
335	-0.4226182617406994	-0.4226182617406992	0.9063077870366500	0.9063077870366500
336	-0.4067366430758002	-0.4067366430758002	0.9135454576426010	0.9135454576426010
337	-0.3907311284892738	-0.3907311284892739	0.9205048534524404	0.9205048534524403
338	-0.3746065934159120	-0.3746065934159123	0.9271838545667874	0.9271838545667873
339	-0.3583679495453003	-0.3583679495453008	0.9335804264972017	0.9335804264972015
340	-0.3420201433256687	-0.3420201433256686	0.9396926207859084	0.9396926207859084
341	-0.3255681544571567	-0.3255681544571567	0.9455185755993168	0.9455185755993168
342	-0.3090169943749474	-0.3090169943749476	0.9510565162951535	0.9510565162951535
343	-0.2923717047227368	-0.2923717047227372	0.9563047559630354	0.9563047559630353
344	-0.2756373558169992	-0.2756373558169989	0.9612616959383189	0.9612616959383189
345	-0.2588190451025207	-0.2588190451025207	0.9659258262890683	0.9659258262890683
346	-0.2419218955996677	-0.2419218955996679	0.9702957262759965	0.9702957262759965
347	-0.2249510543438650	-0.2249510543438653	0.9743700647852352	0.9743700647852351
348	-0.2079116908177593	-0.2079116908177599	0.9781476007338057	0.9781476007338056
349	-0.1908089953765448	-0.1908089953765447	0.9816271834476640	0.9816271834476640
350	-0.1736481776669303	-0.1736481776669304	0.9848077530122080	0.9848077530122080
351	-0.1564344650402309	-0.1564344650402311	0.9876883405951378	0.9876883405951377
352	-0.1391731009600654	-0.1391731009600659	0.9902680687415704	0.9902680687415703
353	-0.1218693434051475	-0.1218693434051472	0.9925461516413220	0.9925461516413221
354	-0.1045284632676535	-0.1045284632676534	0.9945218953682733	0.9945218953682733
355	-0.0871557427476582	-0.0871557427476583	0.9961946980917455	0.9961946980917455
356	-0.0697564737441253	-0.0697564737441256	0.9975640502598242	0.9975640502598242
357	-0.0523359562429438	-0.0523359562429444	0.9986295347545738	0.9986295347545738
358	-0.0348994967025010	-0.0348994967025008	0.9993908270190958	0.9993908270190958
359	-0.0174524064372835	-0.0174524064372836	0.9998476951563913	0.9998476951563913
360	0.0000000000000000	-0.0000000000000002	1.0000000000000000	1.0000000000000000
361	0.0174524064372835	0.0174524064372831	0.9998476951563913	0.9998476951563913
362	0.0348994967025010	0.0348994967025012	0.9993908270190958	0.9993908270190958
363	0.0523359562429438	0.0523359562429439	0.9986295347545738	0.9986295347545738
364	0.0697564737441253	0.0697564737441251	0.9975640502598242	0.9975640502598243
365	0.0871557427476582	0.0871557427476578	0.9961946980917455	0.9961946980917455
366	0.1045284632676535	0.1045284632676529	0.9945218953682733	0.9945218953682734
367	0.1218693434051475	0.1218693434051476	0.9925461516413220	0.9925461516413220
368	0.1391731009600654	0.1391731009600654	0.9902680687415704	0.9902680687415704
369	0.1564344650402309	0.1564344650402306	0.9876883405951378	0.9876883405951378
370	0.1736481776669303	0.1736481776669299	0.9848077530122080	0.9848077530122081
371	0.1908089953765448	0.1908089953765451	0.9816271834476640	0.9816271834476639
372	0.2079116908177593	0.2079116908177594	0.9781476007338057	0.9781476007338056
373	0.2249510543438650	0.2249510543438648	0.9743700647852352	0.9743700647852352
374	0.2419218955996677	0.2419218955996674	0.9702957262759965	0.9702957262759966
375	0.2588190451025207	0.2588190451025202	0.9659258262890683	0.9659258262890684
376	0.2756373558169992	0.2756373558169993	0.9612616959383189	0.9612616959383188
377	0.2923717047227368	0.2923717047227367	0.9563047559630354	0.9563047559630355
378	0.3090169943749474	0.3090169943749472	0.9510565162951535	0.9510565162951536
379	0.3255681544571567	0.3255681544571563	0.9455185755993168	0.9455185755993170
380	0.3420201433256687	0.3420201433256689	0.9396926207859084	0.9396926207859083
381	0.3583679495453003	0.3583679495453003	0.9335804264972017	0.9335804264972017
382	0.3746065934159120	0.3746065934159119	0.9271838545667874	0.9271838545667874
383	0.3907311284892738	0.3907311284892734	0.9205048534524404	0.9205048534524405
384	0.4067366430758002	0.4067366430758005	0.9135454576426010	0.9135454576426008
385	0.4226182617406994	0.4226182617406996	0.9063077870366500	0.9063077870366499
386	0.4383711467890775	0.4383711467890773	0.8987940462991671	0.8987940462991670
387	0.4539904997395468	0.4539904997395466	0.8910065241883682	0.8910065241883680
388	0.4694715627858908	0.4694715627858904	0.8829475928589274	0.8829475928589272
389	0.4848096202463371	0.4848096202463372	0.8746197071393966	0.8746197071393956
390	0.5000000000000000	0.5000000000000000	0.8660254037844400	0.8660254037844386
391	0.5150380749100543	0.5150380749100540	0.8571673007021144	0.8571673007021123
392	0.5299192642332051	0.5299192642332047	0.8480480961564293	0.8480480961564262
393	0.5446390350150273	0.5446390350150273	0.8386705679454292	0.8386705679454238
394	0.5591929034707471	0.5591929034707469	0.8290375725550494	0.8290375725550416
395	0.5735764363510465	0.5735764363510460	0.8191520442890033	0.8191520442889918
396	0.5877852522924738	0.5877852522924729	0.8090169943749645	0.8090169943749476
397	0.6018150231520494	0.6018150231520479	0.7986355100473179	0.7986355100472932
398	0.6156614753256600	0.6156614753256584	0.7880107536067584	0.7880107536067218
399	0.6293203910498398	0.6293203910498375	0.7771459614570234	0.7771459614569709
400	0.6427876096865428	0.6427876096865391	0.7660444431190528	0.7660444431189781
401	0.6560590289905123	0.6560590289905071	0.7547095802228777	0.7547095802227722
402	0.6691306063588655	0.6691306063588585	0.7431448254775423	0.7431448254773940
403	0.6819983600625088	0.6819983600624986	0.7313537016193763	0.7313537016191705
404	0.6946583704590118	0.6946583704589973	0.7193398003389351	0.7193398003386512
405	0.7071067811865679	0.7071067811865474	0.7071067811869363	0.7071067811865477
406	0.7193398003389351	0.7193398003386509	0.6946583704590118	0.6946583704589976
407	0.7313537016193763	0.7313537016191707	0.6819983600625088	0.6819983600624984
408	0.7431448254775423	0.7431448254773942	0.6691306063588655	0.6691306063588582
409	0.7547095802228777	0.7547095802227719	0.6560590289905123	0.6560590289905074
410	0.7660444431190528	0.7660444431189778	0.6427876096865428	0.6427876096865396
411	0.7771459614570234	0.7771459614569711	0.6293203910498398	0.6293203910498372
412	0.7880107536067584	0.7880107536067220	0.6156614753256600	0.6156614753256582
413	0.7986355100473179	0.7986355100472928	0.6018150231520494	0.6018150231520484
414	0.8090169943749645	0.8090169943749472	0.5877852522924738	0.5877852522924734
415	0.8191520442890033	0.8191520442889915	0.5735764363510465	0.5735764363510465
416	0.8290375725550494	0.8290375725550418	0.5591929034707471	0.5591929034707467
417	0.8386705679454292	0.8386705679454241	0.5446390350150273	0.5446390350150271
418	0.8480480961564293	0.8480480961564258	0.5299192642332051	0.5299192642332051
419	0.8571673007021144	0.8571673007021121	0.5150380749100543	0.5150380749100545
420	0.8660254037844400	0.8660254037844388	0.5000000000000000	0.4999999999999997
421	0.8746197071393966	0.8746197071393959	0.4848096202463371	0.4848096202463369
422	0.8829475928589274	0.8829475928589269	0.4694715627858908	0.4694715627858909
423	0.8910065241883682	0.8910065241883678	0.4539904997395468	0.4539904997395470
424	0.8987940462991671	0.8987940462991668	0.4383711467890775	0.4383711467890778
425	0.9063077870366500	0.9063077870366500	0.4226182617406994	0.4226182617406993
426	0.9135454576426010	0.9135454576426009	0.4067366430758002	0.4067366430758002
427	0.9205048534524404	0.9205048534524403	0.3907311284892738	0.3907311284892739
428	0.9271838545667874	0.9271838545667872	0.3746065934159120	0.3746065934159124
429	0.9335804264972017	0.9335804264972019	0.3583679495453003	0.3583679495453000
430	0.9396926207859084	0.9396926207859084	0.3420201433256687	0.3420201433256687
431	0.9455185755993168	0.9455185755993167	0.3255681544571567	0.3255681544571568
432	0.9510565162951535	0.9510565162951535	0.3090169943749474	0.3090169943749477
433	0.9563047559630354	0.9563047559630353	0.2923717047227368	0.2923717047227372
434	0.9612616959383189	0.9612616959383189	0.2756373558169992	0.2756373558169990
435	0.9659258262890683	0.9659258262890683	0.2588190451025207	0.2588190451025207
436	0.9702957262759965	0.9702957262759965	0.2419218955996677	0.2419218955996679
437	0.9743700647852352	0.9743700647852351	0.2249510543438650	0.2249510543438654
438	0.9781476007338057	0.9781476007338057	0.2079116908177593	0.2079116908177590
439	0.9816271834476640	0.9816271834476640	0.1908089953765448	0.1908089953765447
440	0.9848077530122080	0.9848077530122080	0.1736481776669303	0.1736481776669304
441	0.9876883405951378	0.9876883405951377	0.1564344650402309	0.1564344650402312
442	0.9902680687415704	0.9902680687415703	0.1391731009600654	0.1391731009600659
443	0.9925461516413220	0.9925461516413221	0.1218693434051475	0.1218693434051473
444	0.9945218953682733	0.9945218953682733	0.1045284632676535	0.1045284632676535
445	0.9961946980917455	0.9961946980917455	0.0871557427476582	0.0871557427476584
446	0.9975640502598242	0.9975640502598242	0.0697564737441253	0.0697564737441257
447	0.9986295347545738	0.9986295347545739	0.0523359562429438	0.0523359562429435
448	0.9993908270190958	0.9993908270190958	0.0348994967025010	0.0348994967025009
449	0.9998476951563913	0.9998476951563913	0.0174524064372835	0.0174524064372836
450	1.0000000000000000	1.0000000000000000	0.0000000000000000	0.0000000000000003
451	0.9998476951563913	0.9998476951563913	-0.0174524064372835	-0.0174524064372830
452	0.9993908270190958	0.9993908270190958	-0.0348994967025010	-0.0348994967025012
453	0.9986295347545738	0.9986295347545738	-0.0523359562429438	-0.0523359562429438
454	0.9975640502598242	0.9975640502598243	-0.0697564737441253	-0.0697564737441251
455	0.9961946980917455	0.9961946980917455	-0.0871557427476582	-0.0871557427476578
456	0.9945218953682733	0.9945218953682733	-0.1045284632676535	-0.1045284632676537
457	0.9925461516413220	0.9925461516413220	-0.1218693434051475	-0.1218693434051476
458	0.9902680687415704	0.9902680687415704	-0.1391731009600654	-0.1391731009600653
459	0.9876883405951378	0.9876883405951377	-0.1564344650402309	-0.1564344650402315
460	0.9848077530122080	0.9848077530122081	-0.1736481776669303	-0.1736481776669299
461	0.9816271834476640	0.9816271834476640	-0.1908089953765448	-0.1908089953765450
462	0.9781476007338057	0.9781476007338058	-0.2079116908177593	-0.2079116908177585
463	0.9743700647852352	0.9743700647852352	-0.2249510543438650	-0.2249510543438648
464	0.9702957262759965	0.9702957262759964	-0.2419218955996677	-0.2419218955996682
465	0.9659258262890683	0.9659258262890684	-0.2588190451025207	-0.2588190451025202
466	0.9612616959383189	0.9612616959383189	-0.2756373558169992	-0.2756373558169993
467	0.9563047559630354	0.9563047559630358	-0.2923717047227368	-0.2923717047227358
468	0.9510565162951535	0.9510565162951536	-0.3090169943749474	-0.3090169943749471
469	0.9455185755993168	0.9455185755993167	-0.3255681544571567	-0.3255681544571570
470	0.9396926207859084	0.9396926207859086	-0.3420201433256687	-0.3420201433256680
471	0.9335804264972017	0.9335804264972017	-0.3583679495453003	-0.3583679495453003
472	0.9271838545667874	0.9271838545667872	-0.3746065934159120	-0.3746065934159126
473	0.9205048534524404	0.9205048534524405	-0.3907311284892738	-0.3907311284892734
474	0.9135454576426010	0.9135454576426008	-0.4067366430758002	-0.4067366430758004
475	0.9063077870366500	0.9063077870366503	-0.4226182617406994	-0.4226182617406987
476	0.8987940462991671	0.8987940462991670	-0.4383711467890775	-0.4383711467890773
477	0.8910065241883682	0.8910065241883676	-0.4539904997395468	-0.4539904997395473
478	0.8829475928589274	0.8829475928589272	-0.4694715627858908	-0.4694715627858903
479	0.8746197071393966	0.8746197071393957	-0.4848096202463371	-0.4848096202463372
480	0.8660254037844400	0.8660254037844392	-0.5000000000000000	-0.4999999999999992
481	0.8571673007021144	0.8571673007021124	-0.5150380749100543	-0.5150380749100540
482	0.8480480961564293	0.8480480961564257	-0.5299192642332051	-0.5299192642332053
483	0.8386705679454292	0.8386705679454244	-0.5446390350150273	-0.5446390350150265
484	0.8290375725550494	0.8290375725550416	-0.5591929034707471	-0.5591929034707469
485	0.8191520442890033	0.8191520442889924	-0.5735764363510465	-0.5735764363510453
486	0.8090169943749645	0.8090169943749476	-0.5877852522924738	-0.5877852522924729
487	0.7986355100473179	0.7986355100472926	-0.6018150231520494	-0.6018150231520486
488	0.7880107536067584	0.7880107536067223	-0.6156614753256600	-0.6156614753256577
489	0.7771459614570234	0.7771459614569709	-0.6293203910498398	-0.6293203910498374
490	0.7660444431190528	0.7660444431189776	-0.6427876096865428	-0.6427876096865398
491	0.7547095802228777	0.7547095802227723	-0.6560590289905123	-0.6560590289905069
492	0.7431448254775423	0.7431448254773940	-0.6691306063588655	-0.6691306063588585
493	0.7313537016193763	0.7313537016191710	-0.6819983600625088	-0.6819983600624979
494	0.7193398003389351	0.7193398003386513	-0.6946583704590118	-0.6946583704589971
495	0.7071067811869363	0.7071067811865471	-0.7071067811865679	-0.7071067811865479
496	0.6946583704590118	0.6946583704589977	-0.7193398003389351	-0.7193398003386507
497	0.6819983600625088	0.6819983600624984	-0.7313537016193763	-0.7313537016191706
498	0.6691306063588655	0.6691306063588589	-0.7431448254775423	-0.7431448254773936
499	0.6560590289905123	0.6560590289905075	-0.7547095802228777	-0.7547095802227718
500	0.6427876096865428	0.6427876096865390	-0.7660444431190528	-0.7660444431189783
501	0.6293203910498398	0.6293203910498379	-0.7771459614570234	-0.7771459614569705
502	0.6156614753256600	0.6156614753256582	-0.7880107536067584	-0.7880107536067220
503	0.6018150231520494	0.6018150231520492	-0.7986355100473179	-0.7986355100472923
504	0.5877852522924738	0.5877852522924734	-0.8090169943749645	-0.8090169943749472
505	0.5735764363510465	0.5735764363510458	-0.8191520442890033	-0.8191520442889920
506	0.5591929034707471	0.5591929034707475	-0.8290375725550494	-0.8290375725550413
507	0.5446390350150273	0.5446390350150271	-0.8386705679454292	-0.8386705679454241
508	0.5299192642332051	0.5299192642332045	-0.8480480961564293	-0.8480480961564263
509	0.5150380749100543	0.5150380749100546	-0.8571673007021144	-0.8571673007021120
510	0.5000000000000000	0.4999999999999998	-0.8660254037844400	-0.8660254037844388
511	0.4848096202463371	0.4848096202463378	-0.8746197071393966	-0.8746197071393954
512	0.4694715627858908	0.4694715627858909	-0.8829475928589274	-0.8829475928589269
513	0.4539904997395468	0.4539904997395463	-0.8910065241883682	-0.8910065241883681
514	0.4383711467890775	0.4383711467890779	-0.8987940462991671	-0.8987940462991667
515	0.4226182617406994	0.4226182617406993	-0.9063077870366500	-0.9063077870366500
516	0.4067366430758002	0.4067366430758010	-0.9135454576426010	-0.9135454576426005
517	0.3907311284892738	0.3907311284892740	-0.9205048534524404	-0.9205048534524403
518	0.3746065934159120	0.3746065934159116	-0.9271838545667874	-0.9271838545667875
519	0.3583679495453003	0.3583679495453009	-0.9335804264972017	-0.9335804264972015
520	0.3420201433256687	0.3420201433256687	-0.9396926207859084	-0.9396926207859084
521	0.3255681544571567	0.3255681544571560	-0.9455185755993168	-0.9455185755993171
522	0.3090169943749474	0.3090169943749478	-0.9510565162951535	-0.9510565162951534
523	0.2923717047227368	0.2923717047227364	-0.9563047559630354	-0.9563047559630355
524	0.2756373558169992	0.2756373558169999	-0.9612616959383189	-0.9612616959383187
525	0.2588190451025207	0.2588190451025208	-0.9659258262890683	-0.9659258262890683
526	0.2419218955996677	0.2419218955996671	-0.9702957262759965	-0.9702957262759966
527	0.2249510543438650	0.2249510543438654	-0.9743700647852352	-0.9743700647852351
528	0.2079116908177593	0.2079116908177591	-0.9781476007338057	-0.9781476007338057
529	0.1908089953765448	0.1908089953765456	-0.9816271834476640	-0.9816271834476638
530	0.1736481776669303	0.1736481776669305	-0.9848077530122080	-0.9848077530122080
531	0.1564344650402309	0.1564344650402303	-0.9876883405951378	-0.9876883405951378
532	0.1391731009600654	0.1391731009600660	-0.9902680687415704	-0.9902680687415703
533	0.1218693434051475	0.1218693434051474	-0.9925461516413220	-0.9925461516413221
534	0.1045284632676535	0.1045284632676544	-0.9945218953682733	-0.9945218953682733
535	0.0871557427476582	0.0871557427476584	-0.9961946980917455	-0.9961946980917455
536	0.0697564737441253	0.0697564737441249	-0.9975640502598242	-0.9975640502598243
537	0.0523359562429438	0.0523359562429445	-0.9986295347545738	-0.9986295347545738
538	0.0348994967025010	0.0348994967025009	-0.9993908270190958	-0.9993908270190958
539	0.0174524064372835	0.0174524064372828	-0.9998476951563913	-0.9998476951563913
